$ANSIBLE_VAULT;1.1;AES256
66336431333466373335373363303139346162323063343364643763393561343436633936616439
6664393634386436386333363464653365623339636534640a633532666439353139626666376438
39366536633638333662393335633164353663396363623731383134323961653064336265376636
6536326261643937380a616638613966396636376465653232386433373132636466343261386461
37343065653933323033336261663536646366343039643932663339653865323131343336643065
66343438333237373737343962343138646531656166383630666336663065313430623736393263
32393931396566656263373733343465623533356233636132623961313262626632353933613333
33373637613133376363313130623061383164323933623566343435396132626237613562616461
36313530643338656235623935373930333366623963313337356334306561373161663662656434
63363931333331323933343663653466316638646532626363656565643661396637653130626236
39363466396263373065396433633136333335306664323165633533643237353130326337383266
35316535643535343762616336303134393361393865336563383561303237623632353233373263
37326432363533633639326464373539626537643838616334363631333031373239333530386436
39626232663364666637613232323932353134363565303637383833376437343864656234333063
35343762323338333132373938373632373461636564363334303162363263383937313161333036
39343530396566663236393333376633386636636665663432616631366636316435663835626239
65363430363337333330363832303033336335393834343833636261376333626331353333373164
37363862333932323962653530303335306639656230336538613839386434666538633730363064
32613631313937383164646361306336313932366464666136363737373330633739643966343766
31636332303235376262633562366461613936313235363465653337333535656264323262356565
38656631616364336331333537663263373662373131653533626638383739633937646230633865
31376533313565306634363533626533346366383130353831313537306138306236396165663632
62323862613463323936396635346133333030626635353364383865373634636663623834376536
66656338353533363638303565343937623664386339623536616566373365313638633865636433
38303563353362396435643838353432393762323634383438633637316435393730383931653232
35386464656339653034633632396164656136336265633963613030313737616565323432356136
66386466656363316137393038333437643866343938393539643833363030346162326635663034
32356633346463646134336265363030396634356334393830303265333862303331373136656635
35386435663135333661373835653038336263366338653336623666316665633538343833306332
62323732346639376339663730663131363035623532313338383765343038343231336166396664
38646266303535393634633763353236313165656633313230396633633531613239383231326238
35653562613963323935613935343433346231363864376133383635343861663434393534633764
30336532316638323438613537613664623266626632626166356132323266306432616561393834
36316237656232356661313435396134333866346165353661323564323039643635393365316465
36353365663138306632643839653337316233386362363837663965323334343063643063643064
62666531303961346462303462333161653532316465616333303731663835653835623230336636
33633066303236383836656131303035633036366334363265353731386664643037393333333839
31656431393764643231636331366661613762376535333830326436333338613133643234373963
39383035613634313136656637626430613565316637663064353936396466653630323964313962
66316662356334353134646463303337633833343565323930656262306461363832636532373237
31383361346131336239363633323839363732656337353132643265306334636564363233303538
65373432643331396635353930663430646639346362646135323262383165333462303766376366
33653534356664313739623766623339633033383232346331346333343435666237653537353165
35626233636634636661616338623037666264663834646165313337363262393563613433316134
65356663633466613233616336613263376539373434616461396337646661356561633765313061
32636337306161653931353565666430613163366564353436636136616562343335643365396565
65313065326530626364653963333331373835393465323561303964323034656533663261633639
66306362636561346635616635623730663536326665616336383264376662306632333133386166
31343464393236653065343362383239653731333939623336383261353338643934616130633537
31306534666535303637393930613863326430646365353738653036643362633738616663376564
33616332396234376465363566383665643065306236313136623734366538336261643139653835
30363363363863636563346565366361306463303663653365656238363335663134646236303761
66383365663134626237326239323532323166636534663230343630653465383662353966626437
35316235356162626637653966313934306534316365396238393231633838653465343264386663
64653439336339633264643263383230396364396333356361633836353934366263623030646539
30343361646430393666646335373262303564363564343034663331343436623632633530353033
37613931363165326537653630663630313263373937333465303066316130663961623566666138
37656536333630626630363861323439636632623864636134636639356235336131363036356461
63623963306634356138643338393065636265626230626232393937303031383635316666346238
64336563623939373435333963353164643964366537346462613932346262663632316263623839
66613139313266393135646137306231353333663837386239643465353564343135393537643934
34613463393364653130623764366662323036646238373966323137633231353833343232653432
62363631633436396234363735353831613364626638396434333766303061373331346439343566
36353035313463363531343330376438663563623733373231666430393336633534313633356339
39386137623966363662666162396633653337373138396236356231613630366166646265643566
6238323532663233303736633061353561323234386634366232
